######################################################################
                        ALTERNATIVES GENERATED
######################################################################
+----+-------+-------+--------+-------+-------+-------+------------+
| i  |   k1  |   k2  |   k3   |   e1  |   e2  |   e3  | worse_then |
+----+-------+-------+--------+-------+-------+-------+------------+
| 0  | 5.616 | 0.966 | 31.896 | 0.914 | 0.733 | 0.613 |    None    |
| 1  | 5.843 |  0.97 | 30.596 | 0.823 | 0.778 |  0.67 |    None    |
| 2  | 6.591 | 0.933 | 44.836 | 0.524 | 0.367 | 0.042 |    None    |
| 3  | 5.742 | 0.923 | 29.484 | 0.863 | 0.256 | 0.719 |    None    |
| 4  | 6.143 | 0.938 | 35.085 | 0.703 | 0.422 | 0.472 |    None    |
| 5  | 5.465 | 0.902 | 39.415 | 0.974 | 0.022 | 0.281 |    None    |
| 6  | 7.544 | 0.955 | 43.125 | 0.142 | 0.611 | 0.118 |    None    |
| 7  | 5.542 | 0.913 | 30.975 | 0.943 | 0.144 | 0.653 |    None    |
| 8  | 7.234 | 0.986 | 40.064 | 0.266 | 0.956 | 0.253 |    None    |
| 9  | 6.455 | 0.963 | 42.385 | 0.578 |  0.7  |  0.15 |    None    |
| 10 | 5.865 | 0.933 | 37.551 | 0.814 | 0.367 | 0.363 |    None    |
| 11 | 5.964 | 0.941 | 27.808 | 0.774 | 0.456 | 0.793 |    None    |
| 12 | 7.857 | 0.988 | 38.219 | 0.017 | 0.978 | 0.334 |    None    |
| 13 | 6.206 | 0.921 | 37.37  | 0.678 | 0.233 | 0.371 |    None    |
| 14 | 6.439 | 0.974 | 31.163 | 0.584 | 0.822 | 0.645 |    None    |
| 15 | 6.961 | 0.922 | 41.666 | 0.376 | 0.244 | 0.182 |    None    |
| 16 | 6.591 | 0.968 | 43.981 | 0.524 | 0.756 |  0.08 |    None    |
| 17 | 6.997 | 0.957 | 41.288 | 0.361 | 0.633 | 0.199 |    None    |
| 18 | 5.961 | 0.976 | 39.725 | 0.776 | 0.844 | 0.268 |    None    |
| 19 | 6.909 | 0.988 | 31.971 | 0.396 | 0.978 | 0.609 |    None    |
+----+-------+-------+--------+-------+-------+-------+------------+
######################################################################
                     PARETO EFFICIENT CALCULATED
######################################################################
+----+-------+-------+--------+-------+-------+-------+------------+
| i  |   k1  |   k2  |   k3   |   e1  |   e2  |   e3  | worse_then |
+----+-------+-------+--------+-------+-------+-------+------------+
| 0  | 5.616 | 0.966 | 31.896 | 0.914 | 0.733 | 0.613 |    None    |
| 1  | 5.843 |  0.97 | 30.596 | 0.823 | 0.778 |  0.67 |    None    |
| 2  | 6.591 | 0.933 | 44.836 | 0.524 | 0.367 | 0.042 |     18     |
| 3  | 5.742 | 0.923 | 29.484 | 0.863 | 0.256 | 0.719 |    None    |
| 4  | 6.143 | 0.938 | 35.085 | 0.703 | 0.422 | 0.472 |     11     |
| 5  | 5.465 | 0.902 | 39.415 | 0.974 | 0.022 | 0.281 |    None    |
| 6  | 7.544 | 0.955 | 43.125 | 0.142 | 0.611 | 0.118 |     19     |
| 7  | 5.542 | 0.913 | 30.975 | 0.943 | 0.144 | 0.653 |    None    |
| 8  | 7.234 | 0.986 | 40.064 | 0.266 | 0.956 | 0.253 |     19     |
| 9  | 6.455 | 0.963 | 42.385 | 0.578 |  0.7  |  0.15 |     18     |
| 10 | 5.865 | 0.933 | 37.551 | 0.814 | 0.367 | 0.363 |     1      |
| 11 | 5.964 | 0.941 | 27.808 | 0.774 | 0.456 | 0.793 |    None    |
| 12 | 7.857 | 0.988 | 38.219 | 0.017 | 0.978 | 0.334 |    None    |
| 13 | 6.206 | 0.921 | 37.37  | 0.678 | 0.233 | 0.371 |     11     |
| 14 | 6.439 | 0.974 | 31.163 | 0.584 | 0.822 | 0.645 |    None    |
| 15 | 6.961 | 0.922 | 41.666 | 0.376 | 0.244 | 0.182 |     19     |
| 16 | 6.591 | 0.968 | 43.981 | 0.524 | 0.756 |  0.08 |     18     |
| 17 | 6.997 | 0.957 | 41.288 | 0.361 | 0.633 | 0.199 |     19     |
| 18 | 5.961 | 0.976 | 39.725 | 0.776 | 0.844 | 0.268 |    None    |
| 19 | 6.909 | 0.988 | 31.971 | 0.396 | 0.978 | 0.609 |    None    |
+----+-------+-------+--------+-------+-------+-------+------------+
######################################################################
                      PARETO EFFICIENT FILTERED
######################################################################
+----+-------+-------+--------+-------+-------+-------+------------+
| i  |   k1  |   k2  |   k3   |   e1  |   e2  |   e3  | worse_then |
+----+-------+-------+--------+-------+-------+-------+------------+
| 0  | 5.616 | 0.966 | 31.896 | 0.914 | 0.733 | 0.613 |    None    |
| 1  | 5.843 |  0.97 | 30.596 | 0.823 | 0.778 |  0.67 |    None    |
| 3  | 5.742 | 0.923 | 29.484 | 0.863 | 0.256 | 0.719 |    None    |
| 5  | 5.465 | 0.902 | 39.415 | 0.974 | 0.022 | 0.281 |    None    |
| 7  | 5.542 | 0.913 | 30.975 | 0.943 | 0.144 | 0.653 |    None    |
| 11 | 5.964 | 0.941 | 27.808 | 0.774 | 0.456 | 0.793 |    None    |
| 12 | 7.857 | 0.988 | 38.219 | 0.017 | 0.978 | 0.334 |    None    |
| 14 | 6.439 | 0.974 | 31.163 | 0.584 | 0.822 | 0.645 |    None    |
| 18 | 5.961 | 0.976 | 39.725 | 0.776 | 0.844 | 0.268 |    None    |
| 19 | 6.909 | 0.988 | 31.971 | 0.396 | 0.978 | 0.609 |    None    |
+----+-------+-------+--------+-------+-------+-------+------------+
######################################################################
              CRITERIA PRIORITY FILTERED FOR CRITERIA #1
######################################################################
+----+-------+-------+--------+-------+-------+-------+------------+
| i  |   k1  |   k2  |   k3   |   e1  |   e2  |   e3  | worse_then |
+----+-------+-------+--------+-------+-------+-------+------------+
| 0  | 5.616 | 0.966 | 31.896 | 0.914 | 0.733 | 0.613 |    None    |
| 1  | 5.843 |  0.97 | 30.596 | 0.823 | 0.778 |  0.67 |    None    |
| 3  | 5.742 | 0.923 | 29.484 | 0.863 | 0.256 | 0.719 |    None    |
| 5  | 5.465 | 0.902 | 39.415 | 0.974 | 0.022 | 0.281 |    None    |
| 7  | 5.542 | 0.913 | 30.975 | 0.943 | 0.144 | 0.653 |    None    |
| 11 | 5.964 | 0.941 | 27.808 | 0.774 | 0.456 | 0.793 |    None    |
| 18 | 5.961 | 0.976 | 39.725 | 0.776 | 0.844 | 0.268 |    None    |
+----+-------+-------+--------+-------+-------+-------+------------+
######################################################################
              CRITERIA PRIORITY FILTERED FOR CRITERIA #3
######################################################################
+----+-------+-------+--------+-------+-------+-------+------------+
| i  |   k1  |   k2  |   k3   |   e1  |   e2  |   e3  | worse_then |
+----+-------+-------+--------+-------+-------+-------+------------+
| 0  | 5.616 | 0.966 | 31.896 | 0.914 | 0.733 | 0.613 |    None    |
| 1  | 5.843 |  0.97 | 30.596 | 0.823 | 0.778 |  0.67 |    None    |
| 3  | 5.742 | 0.923 | 29.484 | 0.863 | 0.256 | 0.719 |    None    |
| 7  | 5.542 | 0.913 | 30.975 | 0.943 | 0.144 | 0.653 |    None    |
| 11 | 5.964 | 0.941 | 27.808 | 0.774 | 0.456 | 0.793 |    None    |
+----+-------+-------+--------+-------+-------+-------+------------+
######################################################################
              CRITERIA PRIORITY FILTERED FOR CRITERIA #2
######################################################################
+---+-------+-------+--------+-------+-------+-------+------------+
| i |   k1  |   k2  |   k3   |   e1  |   e2  |   e3  | worse_then |
+---+-------+-------+--------+-------+-------+-------+------------+
| 0 | 5.616 | 0.966 | 31.896 | 0.914 | 0.733 | 0.613 |    None    |
| 1 | 5.843 |  0.97 | 30.596 | 0.823 | 0.778 |  0.67 |    None    |
+---+-------+-------+--------+-------+-------+-------+------------+
######################################################################
                      CRITERIA PRIORITY FILTERED
######################################################################
+---+-------+-------+--------+-------+-------+-------+------------+
| i |   k1  |   k2  |   k3   |   e1  |   e2  |   e3  | worse_then |
+---+-------+-------+--------+-------+-------+-------+------------+
| 0 | 5.616 | 0.966 | 31.896 | 0.914 | 0.733 | 0.613 |    None    |
| 1 | 5.843 |  0.97 | 30.596 | 0.823 | 0.778 |  0.67 |    None    |
+---+-------+-------+--------+-------+-------+-------+------------+
