######################################################################
                        ALTERNATIVES GENERATED
######################################################################
+----+--------+-------+--------+-------+-------+-------+------------+
| i  |   k1   |   k2  |   k3   |   e1  |   e2  |   e3  | worse_then |
+----+--------+-------+--------+-------+-------+-------+------------+
| 0  | 9.387  | 0.928 | 21.001 | 0.644 |  0.3  | 0.674 |    None    |
| 1  | 12.062 | 0.912 | 20.685 | 0.139 | 0.033 | 0.707 |    None    |
| 2  | 8.546  | 0.919 | 22.855 | 0.803 |  0.15 | 0.478 |    None    |
| 3  | 10.155 | 0.936 | 22.523 | 0.499 | 0.433 | 0.513 |    None    |
| 4  | 12.377 | 0.923 | 27.056 |  0.08 | 0.217 | 0.036 |    None    |
| 5  | 10.645 | 0.938 | 25.021 | 0.407 | 0.467 |  0.25 |    None    |
| 6  | 8.833  | 0.911 | 21.039 | 0.748 | 0.017 |  0.67 |    None    |
| 7  | 10.705 |  0.95 | 26.777 | 0.395 | 0.667 | 0.066 |    None    |
| 8  | 10.702 | 0.969 | 27.308 | 0.396 | 0.983 |  0.01 |    None    |
| 9  | 8.905  | 0.917 | 23.612 | 0.735 | 0.117 | 0.399 |    None    |
| 10 | 11.343 | 0.944 | 19.229 | 0.275 | 0.567 |  0.86 |    None    |
| 11 | 10.946 | 0.933 | 18.548 |  0.35 | 0.383 | 0.932 |    None    |
| 12 | 12.626 | 0.936 | 27.336 | 0.033 | 0.433 | 0.007 |    None    |
| 13 | 12.719 | 0.931 | 20.14  | 0.015 |  0.35 | 0.764 |    None    |
| 14 | 10.19  | 0.937 | 22.103 | 0.492 |  0.45 | 0.558 |    None    |
| 15 | 9.125  | 0.922 | 21.907 | 0.693 |  0.2  | 0.578 |    None    |
| 16 | 10.883 |  0.95 | 23.443 | 0.362 | 0.667 | 0.417 |    None    |
| 17 | 10.896 | 0.967 | 19.24  | 0.359 |  0.95 | 0.859 |    None    |
| 18 | 9.781  | 0.919 | 20.221 |  0.57 |  0.15 | 0.756 |    None    |
| 19 | 9.917  | 0.961 | 25.76  | 0.544 |  0.85 | 0.173 |    None    |
+----+--------+-------+--------+-------+-------+-------+------------+
######################################################################
                     PARETO EFFICIENT CALCULATED
######################################################################
+----+--------+-------+--------+-------+-------+-------+------------+
| i  |   k1   |   k2  |   k3   |   e1  |   e2  |   e3  | worse_then |
+----+--------+-------+--------+-------+-------+-------+------------+
| 0  | 9.387  | 0.928 | 21.001 | 0.644 |  0.3  | 0.674 |    None    |
| 1  | 12.062 | 0.912 | 20.685 | 0.139 | 0.033 | 0.707 |     18     |
| 2  | 8.546  | 0.919 | 22.855 | 0.803 |  0.15 | 0.478 |    None    |
| 3  | 10.155 | 0.936 | 22.523 | 0.499 | 0.433 | 0.513 |    None    |
| 4  | 12.377 | 0.923 | 27.056 |  0.08 | 0.217 | 0.036 |     19     |
| 5  | 10.645 | 0.938 | 25.021 | 0.407 | 0.467 |  0.25 |    None    |
| 6  | 8.833  | 0.911 | 21.039 | 0.748 | 0.017 |  0.67 |    None    |
| 7  | 10.705 |  0.95 | 26.777 | 0.395 | 0.667 | 0.066 |     19     |
| 8  | 10.702 | 0.969 | 27.308 | 0.396 | 0.983 |  0.01 |    None    |
| 9  | 8.905  | 0.917 | 23.612 | 0.735 | 0.117 | 0.399 |     2      |
| 10 | 11.343 | 0.944 | 19.229 | 0.275 | 0.567 |  0.86 |    None    |
| 11 | 10.946 | 0.933 | 18.548 |  0.35 | 0.383 | 0.932 |    None    |
| 12 | 12.626 | 0.936 | 27.336 | 0.033 | 0.433 | 0.007 |     19     |
| 13 | 12.719 | 0.931 | 20.14  | 0.015 |  0.35 | 0.764 |     17     |
| 14 | 10.19  | 0.937 | 22.103 | 0.492 |  0.45 | 0.558 |    None    |
| 15 | 9.125  | 0.922 | 21.907 | 0.693 |  0.2  | 0.578 |    None    |
| 16 | 10.883 |  0.95 | 23.443 | 0.362 | 0.667 | 0.417 |    None    |
| 17 | 10.896 | 0.967 | 19.24  | 0.359 |  0.95 | 0.859 |    None    |
| 18 | 9.781  | 0.919 | 20.221 |  0.57 |  0.15 | 0.756 |    None    |
| 19 | 9.917  | 0.961 | 25.76  | 0.544 |  0.85 | 0.173 |    None    |
+----+--------+-------+--------+-------+-------+-------+------------+
######################################################################
                      PARETO EFFICIENT FILTERED
######################################################################
+----+--------+-------+--------+-------+-------+-------+------------+
| i  |   k1   |   k2  |   k3   |   e1  |   e2  |   e3  | worse_then |
+----+--------+-------+--------+-------+-------+-------+------------+
| 0  | 9.387  | 0.928 | 21.001 | 0.644 |  0.3  | 0.674 |    None    |
| 2  | 8.546  | 0.919 | 22.855 | 0.803 |  0.15 | 0.478 |    None    |
| 3  | 10.155 | 0.936 | 22.523 | 0.499 | 0.433 | 0.513 |    None    |
| 5  | 10.645 | 0.938 | 25.021 | 0.407 | 0.467 |  0.25 |    None    |
| 6  | 8.833  | 0.911 | 21.039 | 0.748 | 0.017 |  0.67 |    None    |
| 8  | 10.702 | 0.969 | 27.308 | 0.396 | 0.983 |  0.01 |    None    |
| 10 | 11.343 | 0.944 | 19.229 | 0.275 | 0.567 |  0.86 |    None    |
| 11 | 10.946 | 0.933 | 18.548 |  0.35 | 0.383 | 0.932 |    None    |
| 14 | 10.19  | 0.937 | 22.103 | 0.492 |  0.45 | 0.558 |    None    |
| 15 | 9.125  | 0.922 | 21.907 | 0.693 |  0.2  | 0.578 |    None    |
| 16 | 10.883 |  0.95 | 23.443 | 0.362 | 0.667 | 0.417 |    None    |
| 17 | 10.896 | 0.967 | 19.24  | 0.359 |  0.95 | 0.859 |    None    |
| 18 | 9.781  | 0.919 | 20.221 |  0.57 |  0.15 | 0.756 |    None    |
| 19 | 9.917  | 0.961 | 25.76  | 0.544 |  0.85 | 0.173 |    None    |
+----+--------+-------+--------+-------+-------+-------+------------+
######################################################################
              CRITERIA PRIORITY FILTERED FOR CRITERIA #3
######################################################################
+----+--------+-------+--------+-------+-------+-------+------------+
| i  |   k1   |   k2  |   k3   |   e1  |   e2  |   e3  | worse_then |
+----+--------+-------+--------+-------+-------+-------+------------+
| 0  | 9.387  | 0.928 | 21.001 | 0.644 |  0.3  | 0.674 |    None    |
| 6  | 8.833  | 0.911 | 21.039 | 0.748 | 0.017 |  0.67 |    None    |
| 10 | 11.343 | 0.944 | 19.229 | 0.275 | 0.567 |  0.86 |    None    |
| 11 | 10.946 | 0.933 | 18.548 |  0.35 | 0.383 | 0.932 |    None    |
| 17 | 10.896 | 0.967 | 19.24  | 0.359 |  0.95 | 0.859 |    None    |
| 18 | 9.781  | 0.919 | 20.221 |  0.57 |  0.15 | 0.756 |    None    |
+----+--------+-------+--------+-------+-------+-------+------------+
######################################################################
              CRITERIA PRIORITY FILTERED FOR CRITERIA #1
######################################################################
+----+-------+-------+--------+-------+-------+-------+------------+
| i  |   k1  |   k2  |   k3   |   e1  |   e2  |   e3  | worse_then |
+----+-------+-------+--------+-------+-------+-------+------------+
| 0  | 9.387 | 0.928 | 21.001 | 0.644 |  0.3  | 0.674 |    None    |
| 6  | 8.833 | 0.911 | 21.039 | 0.748 | 0.017 |  0.67 |    None    |
| 18 | 9.781 | 0.919 | 20.221 |  0.57 |  0.15 | 0.756 |    None    |
+----+-------+-------+--------+-------+-------+-------+------------+
######################################################################
              CRITERIA PRIORITY FILTERED FOR CRITERIA #2
######################################################################
+----+-------+-------+--------+-------+-------+-------+------------+
| i  |   k1  |   k2  |   k3   |   e1  |   e2  |   e3  | worse_then |
+----+-------+-------+--------+-------+-------+-------+------------+
| 0  | 9.387 | 0.928 | 21.001 | 0.644 |  0.3  | 0.674 |    None    |
| 6  | 8.833 | 0.911 | 21.039 | 0.748 | 0.017 |  0.67 |    None    |
| 18 | 9.781 | 0.919 | 20.221 |  0.57 |  0.15 | 0.756 |    None    |
+----+-------+-------+--------+-------+-------+-------+------------+
######################################################################
                      CRITERIA PRIORITY FILTERED
######################################################################
+----+-------+-------+--------+-------+-------+-------+------------+
| i  |   k1  |   k2  |   k3   |   e1  |   e2  |   e3  | worse_then |
+----+-------+-------+--------+-------+-------+-------+------------+
| 0  | 9.387 | 0.928 | 21.001 | 0.644 |  0.3  | 0.674 |    None    |
| 6  | 8.833 | 0.911 | 21.039 | 0.748 | 0.017 |  0.67 |    None    |
| 18 | 9.781 | 0.919 | 20.221 |  0.57 |  0.15 | 0.756 |    None    |
+----+-------+-------+--------+-------+-------+-------+------------+
